desk 3.293648 0.4620333 -3.465603 -0.4848001 -0.5140489 -0.5147312 0.485566
desk 1.797791 0.4620641 -3.474026 0.4868588 0.5128289 0.5135087 -0.4860904
desk 0.3075231 0.4618593 -3.619843 0.4878878 0.5114111 0.5113112 -0.4888611
desk -4.29645 0.4619105 -3.522215 0.4807608 0.5184656 0.5193362 -0.4799504
desk -5.784577 0.4619364 -3.657548 0.4815859 0.517819 0.5169281 -0.4824147
cabinet -7.317258 0.3933473 2.493192 0.4999891 0.5000049 0.5000113 -0.4999946
cabinet -8.297967 0.3933471 2.500527 0.5002879 0.4997142 0.4997119 -0.5002856
locker -6.645093 0.6992866 2.447232 0.4990168 0.5007899 0.5007766 -0.4994142
locker -6.406542 0.7019384 2.443718 0.4998386 0.5144933 0.4992718 -0.4859895
locker -6.173423 0.6994668 2.460354 0.4899912 0.5091455 0.5071771 -0.4934074
locker -5.9424 0.6993259 2.454661 -0.4919538 -0.5076531 -0.51115 0.4888718
locker -5.644931 0.6992983 2.475382 -0.5008087 -0.4990226 -0.4990021 0.5011626
desk -3.192529 0.4619066 2.867537 -0.7070325 0.01024395 0.0102439 0.7070327
desk -3.248549 0.4619066 1.348138 0.7071059 0.001103144 0.001103073 -0.7071059
desk -3.21262 0.4619067 -0.2063545 -0.7071041 -0.001900898 -0.001900911 0.7071044
desk 2.261497 0.4618976 0.7632379 -0.03290007 -0.7058708 -0.7068541 0.03195938
desk 2.167528 0.4619285 -0.7498395 -0.005687722 -0.7075792 -0.7065788 0.006762119
desk -1.190784 0.4621384 -3.63434 0.4928063 0.5077931 0.506469 -0.4927244
desk 4.80071 0.4625691 -3.304563 0.4679073 0.5316984 0.5310222 -0.4651613
desk -2.778499 0.4619068 -3.503565 0.4949135 0.5050352 0.5050353 -0.4949135
whiteboard 1.875886 1.238892 3.328691 -0.03433424 -0.702676 -0.7098144 0.0350902
desk 2.443529 0.4619171 2.322457 -0.03371188 -0.7063028 -0.7063028 0.03371191
whiteboard -1.892748 1.20249 3.622441 -0.02351993 -0.7056283 -0.7067155 0.04570289
3DTV -0.05604803 0.8006794 2.95918 0.7069572 0.01569233 0.01571061 -0.7069076
3DTV 5.799504 0.8006699 2.385672 0.7068048 0.02079423 0.02079972 -0.706797
chair 6.596821 0.418085 0.4464642 0.6906748 0.1515533 0.1515533 -0.6906747
chair 5.761384 0.4180853 0.2964937 0.7062978 -0.03381167 -0.03381369 -0.7062981
chair 4.685869 0.4180857 0.607389 0.6942418 -0.1342726 -0.1342721 -0.6942408
